153,52
153,51
153,50
153,49
153,48
153,47
153,46
153,45
153,44
153,43
153,42
153,41
153,40
153,39
153,38
153,37
153,36
0,545
0,544
0,472
0,243
0,386
0,273
0,270
153,35
3,2
3,1
3,3
10,297
10,7
10,285
10,135
10,277
10,127
11,25
11,17
11,8
9,2
8,7
8,14
8,5
8,8
8,2
8,3
149,4
149,3
149,2
149,1
149,0
147,3
147,2
147,1
147,0
146,5
146,4
146,3
146,2
146,1
146,0
145,4
145,3
145,2
145,1
145,0
144,4
144,3
144,2
144,1
144,0
143,4
143,3
143,2
143,1
143,0
142,3
142,2
142,1
142,0
20,3
20,2
20,1
19,3
19,2
19,1
12,3
12,2
12,1
11,26
11,21
11,20
11,18
11,16
11,14
11,13
11,12
11,11
11,10
11,9
11,7
11,6
11,5
11,4
11,3
11,2
11,1
10,291
10,257
10,242
10,237
10,233
10,229
10,228
10,219
10,218
10,196
10,184
10,182
10,176
10,151
10,146
10,143
